\addplot[color=red,opacity = 0.25,line width=1mm] coordinates { 
(0.0,0.9999850746268657)
(1.0,0.9999803078410416)
(2.0,0.9999745436707488)
(3.0,0.9999675734463866)
(4.0,0.9999591448501336)
(5.0,0.9999489527900263)
(6.0,0.9999366283679209)
(7.0,0.9999217255440862)
(8.0,0.9999037050188164)
(9.0,0.999881914752167)
(10.0,0.9998555664233847)
(11.0,0.9998237069877883)
(12.0,0.9997851843160165)
(13.0,0.9997386056931209)
(14.0,0.9996822877064497)
(15.0,0.999614195754037)
(16.0,0.9995318710506894)
(17.0,0.999432342587359)
(18.0,0.999312020999904)
(19.0,0.9991665707144549)
(20.0,0.9989907560463698)
(21.0,0.998778256127011)
(22.0,0.998521442608034)
(23.0,0.9982111130418546)
(24.0,0.9978361716627374)
(25.0,0.9973832480125634)
(26.0,0.9968362425075228)
(27.0,0.9961757866992589)
(28.0,0.9953786047695257)
(29.0,0.9944167619087558)
(30.0,0.9932567849702414)
(31.0,0.9918586416166849)
(32.0,0.9901745667425094)
(33.0,0.9881477301913033)
(34.0,0.9857107489634677)
(35.0,0.982784061904316)
(36.0,0.9792742074034005)
(37.0,0.9750720774512845)
(38.0,0.9700512672247988)
(39.0,0.9640667006660917)
(40.0,0.9569537905431716)
(41.0,0.94852848471399)
(42.0,0.938588652087455)
(43.0,0.9269173570719071)
(44.0,0.9132886332698913)
(45.0,0.8974763545798369)
(46.0,0.8792666600235295)
(47.0,0.8584740576134586)
(48.0,0.8349607667482306)
(49.0,0.8086580589887477)
(50.0,0.7795874111061434)
(51.0,0.7478783958711802)
(52.0,0.7137797167218277)
(53.0,0.6776599858855513)
(54.0,0.6399959825037674)
(55.0,0.6013481592647179)
(56.0,0.5623256743894107)
(57.0,0.5235455012337112)
(58.0,0.4855914712077633)
(59.0,0.44897899599784874)
(60.0,0.41412975694395066)
(61.0,0.38135837401688677)
(62.0,0.352671188449175)
(63.0,0.352671188449175)
(64.0,0.352671188449175)
(65.0,0.352671188449175)
(66.0,0.352671188449175)
(67.0,0.352671188449175)
(68.0,0.352671188449175)
(69.0,0.352671188449175)
(70.0,0.352671188449175)
(71.0,0.352671188449175)
(72.0,0.352671188449175)
(73.0,0.352671188449175)
(74.0,0.352671188449175)
(75.0,0.352671188449175)
(76.0,0.352671188449175)
(77.0,0.352671188449175)
(78.0,0.352671188449175)
(79.0,0.352671188449175)
(80.0,0.352671188449175)
(81.0,0.352671188449175)
(82.0,0.352671188449175)
(83.0,0.352671188449175)
(84.0,0.352671188449175)
(85.0,0.352671188449175)
(86.0,0.352671188449175)
(87.0,0.352671188449175)
(88.0,0.352671188449175)
(89.0,0.352671188449175)
(90.0,0.352671188449175)
(91.0,0.352671188449175)
(92.0,0.352671188449175)
(93.0,0.352671188449175)
(94.0,0.352671188449175)
(95.0,0.352671188449175)
(96.0,0.352671188449175)
(97.0,0.352671188449175)
(98.0,0.352671188449175)
(99.0,0.352671188449175)
(100.0,0.352671188449175)
(101.0,0.35201628342479124)
(102.0,0.3513612316618555)
(103.0,0.35070616000399935)
(104.0,0.35005119508263627)
(105.0,0.34939646321831636)
(106.0,0.34874209032287584)
(107.0,0.34808820180254035)
(108.0,0.34743492246213803)
(109.0,0.34678237641057746)
(110.0,0.3461306869677392)
(111.0,0.3454799765729242)
(112.0,0.34483036669500167)
(113.0,0.34418197774438847)
(114.0,0.3435349289869881)
(115.0,0.34288933846021646)
(116.0,0.34224532289122594)
(117.0,0.3416029976174436)
(118.0,0.34096247650952183)
(119.0,0.34032387189680274)
(120.0,0.3396872944953842)
(121.0,0.3390528533388709)
(122.0,0.3384206557118866)
(123.0,0.33779080708641446)
(124.0,0.33716341106102865)
(125.0,0.336538569303068)
(126.0,0.33591638149380143)
(127.0,0.335296945276621)
(128.0,0.33468035620829606)
(129.0,0.33406670771331215)
(130.0,0.33345609104131174)
(131.0,0.3328485952276481)
(132.0,0.3322443070570545)
(133.0,0.3316433110304271)
(134.0,0.3310456893347092)
(135.0,0.33045152181586446)
(136.0,0.3298608859549126)
(137.0,0.3292738568470049)
(138.0,0.3286905071835007)
(139.0,0.3281109072370078)
(140.0,0.32753512484934594)
(141.0,0.32696322542237827)
(142.0,0.3263952719116624)
(143.0,0.32583132482286126)
(144.0,0.32527144221085214)
(145.0,0.3247156796814685)
(146.0,0.3241640903958067)
(147.0,0.3236167250770218)
(148.0,0.3230736320195458)
(149.0,0.32253485710063995)
(150.0,0.32200044379421283)
(151.0,0.32147043318681334)
(152.0,0.32094486399572075)
(153.0,0.3204237725890462)
(154.0,0.3199071930077587)
(155.0,0.3193951569895493)
(156.0,0.3188876939944474)
(157.0,0.31838483123209943)
(158.0,0.31788659369062305)
(159.0,0.3173930041669497)
(160.0,0.31690408329856584)
(161.0,0.3164198495965678)
(162.0,0.31594031947994283)
(163.0,0.3154655073109901)
(164.0,0.3149954254317981)
(165.0,0.3145300842016942)
(166.0,0.31406949203558426)
(167.0,0.31361365544310227)
(168.0,0.3131625790684892)
(169.0,0.3127162657311262)
(170.0,0.31227471646664273)
(171.0,0.31183793056852993)
(172.0,0.31140590563018467)
(173.0,0.3109786375873153)
(174.0,0.3105561207606417)
(175.0,0.3101383478988242)
(176.0,0.3097253102215575)
(177.0,0.3093169974627697)
(178.0,0.3089133979138657)
(179.0,0.30851449846696266)
(180.0,0.30812028465805846)
(181.0,0.3077307407100847)
(182.0,0.30734584957579447)
(183.0,0.3069655929804369)
(184.0,0.3065899514641753)
(185.0,0.3062189044242054)
(186.0,0.3058524301565328)
(187.0,0.30549050589737403)
(188.0,0.30513310786414416)
(189.0,0.3047802112959984)
(190.0,0.30443179049389457)
(191.0,0.3040878188601495)
(192.0,0.30374826893746204)
(193.0,0.3034131124473757)
(194.0,0.30308232032816)
(195.0,0.30275586277208927)
(196.0,0.30243370926209684)
(197.0,0.3021158286077912)
(198.0,0.30180218898081473)
(199.0,0.3014927579495348)
(200.0,0.30118750251304977)


 };
\addplot[color=red] coordinates { 
(0.0,0.9999850746268657)
(1.0,0.9999803078410416)
(2.0,0.9999745436707488)
(3.0,0.9999675734463866)
(4.0,0.9999591448501336)
(5.0,0.9999489527900263)
(6.0,0.9999366283679209)
(7.0,0.9999217255440862)
(8.0,0.9999037050188164)
(9.0,0.999881914752167)
(10.0,0.9998555664233847)
(11.0,0.9998237069877883)
(12.0,0.9997851843160165)
(13.0,0.9997386056931209)
(14.0,0.9996822877064497)
(15.0,0.999614195754037)
(16.0,0.9995318710506894)
(17.0,0.999432342587359)
(18.0,0.999312020999904)
(19.0,0.9991665707144549)
(20.0,0.9989907560463698)
(21.0,0.998778256127011)
(22.0,0.998521442608034)
(23.0,0.9982111130418546)
(24.0,0.9978361716627374)
(25.0,0.9973832480125634)
(26.0,0.9968362425075228)
(27.0,0.9961757866992589)
(28.0,0.9953786047695257)
(29.0,0.9944167619087558)
(30.0,0.9932567849702414)
(31.0,0.9918586416166849)
(32.0,0.9901745667425094)
(33.0,0.9881477301913033)
(34.0,0.9857107489634677)
(35.0,0.982784061904316)
(36.0,0.9792742074034005)
(37.0,0.9750720774512845)
(38.0,0.9700512672247988)
(39.0,0.9640667006660917)
(40.0,0.9569537905431716)
(41.0,0.94852848471399)
(42.0,0.938588652087455)
(43.0,0.9269173570719071)
(44.0,0.9132886332698913)
(45.0,0.8974763545798369)
(46.0,0.8792666600235295)
(47.0,0.8584740576134586)
(48.0,0.8349607667482306)
(49.0,0.8086580589887477)
(50.0,0.7795874111061434)
(51.0,0.7478783958711802)
(52.0,0.7137797167218277)
(53.0,0.6776599858855513)
(54.0,0.6399959825037674)
(55.0,0.6013481592647179)
(56.0,0.5623256743894107)
(57.0,0.5235455012337112)
(58.0,0.4855914712077633)
(59.0,0.44897899599784874)
(60.0,0.41412975694395066)
(61.0,0.38135837401688677)
(62.0,0.3529278423094422)
(63.0,0.3529278423094422)
(64.0,0.3529278423094422)
(65.0,0.3529278423094422)
(66.0,0.3529278423094422)
(67.0,0.3529278423094422)
(68.0,0.3529278423094422)
(69.0,0.3529278423094422)
(70.0,0.3529278423094422)
(71.0,0.3529278423094422)
(72.0,0.3529278423094422)
(73.0,0.3529278423094422)
(74.0,0.3529278423094422)
(75.0,0.3529278423094422)
(76.0,0.3529278423094422)
(77.0,0.3529278423094422)
(78.0,0.3529278423094422)
(79.0,0.3529278423094422)
(80.0,0.3529278423094422)
(81.0,0.3529278423094422)
(82.0,0.3529278423094422)
(83.0,0.3529278423094422)
(84.0,0.3529278423094422)
(85.0,0.3529278423094422)
(86.0,0.3529278423094422)
(87.0,0.3529278423094422)
(88.0,0.3529278423094422)
(89.0,0.3529278423094422)
(90.0,0.3529278423094422)
(91.0,0.3529278423094422)
(92.0,0.3529278423094422)
(93.0,0.3529278423094422)
(94.0,0.3529278423094422)
(95.0,0.3529278423094422)
(96.0,0.3529278423094422)
(97.0,0.3529278423094422)
(98.0,0.3529278423094422)
(99.0,0.3529278423094422)
(100.0,0.3529278423094422)
(101.0,0.35227302001197)
(102.0,0.3516180012336754)
(103.0,0.35096291287797565)
(104.0,0.3503078816748925)
(105.0,0.349653034082139)
(106.0,0.34899849618693424)
(107.0,0.3483443936087089)
(108.0,0.347690851402861)
(109.0,0.34703799396571644)
(110.0,0.3463859449408451)
(111.0,0.34573482712687875)
(112.0,0.34508476238697194)
(113.0,0.3444358715600445)
(114.0,0.34378827437393517)
(115.0,0.34314208936059093)
(116.0,0.34249743377341313)
(117.0,0.34185442350687295)
(118.0,0.3412131730185017)
(119.0,0.3405737952533561)
(120.0,0.3399364015710523)
(121.0,0.3393011016754518)
(122.0,0.338668003547082)
(123.0,0.33803721337835724)
(124.0,0.33740883551166884)
(125.0,0.3367829723803981)
(126.0,0.3361597244529028)
(127.0,0.33553919017951783)
(128.0,0.3349214659426043)
(129.0,0.33430664600967674)
(130.0,0.33369482248962556)
(131.0,0.33308608529204875)
(132.0,0.3324805220897003)
(133.0,0.331878218284052)
(134.0,0.33127925697396376)
(135.0,0.33068371892744874)
(136.0,0.33009168255651195)
(137.0,0.32950322389503744)
(138.0,0.3289184165796939)
(139.0,0.3283373318338181)
(140.0,0.32776003845423934)
(141.0,0.32718660280099365)
(142.0,0.3266170887898774)
(143.0,0.3260515578877842)
(144.0,0.3254900691107654)
(145.0,0.3249326790247485)
(146.0,0.32437944174884914)
(147.0,0.323830408961201)
(148.0,0.32328562990723514)
(149.0,0.3227451514103288)
(150.0,0.32220901788474565)
(151.0,0.3216772713507887)
(152.0,0.32114995145208053)
(153.0,0.32062709547488744)
(154.0,0.320108738369404)
(155.0,0.3195949127729086)
(156.0,0.3190856490347062)
(157.0,0.3185809752427669)
(158.0,0.3180809172519757)
(159.0,0.3175854987139044)
(160.0,0.31709474110801705)
(161.0,0.31660866377422237)
(162.0,0.3161272839466865)
(163.0,0.3156506167888197)
(164.0,0.3151786754293513)
(165.0,0.31471147099941155)
(166.0,0.3142490126705329)
(167.0,0.31379130769349456)
(168.0,0.3133383614379266)
(169.0,0.31289017743259845)
(170.0,0.31244675740631184)
(171.0,0.3120081013293283)
(172.0,0.31157420745525355)
(173.0,0.31114507236331207)
(174.0,0.31072069100094246)
(175.0,0.3103010567266452)
(176.0,0.3098861613530225)
(177.0,0.30947599518994384)
(178.0,0.3090705470877817)
(179.0,0.3086698044806585)
(180.0,0.3082737534296485)
(181.0,0.3078823786658851)
(182.0,0.3074956636335192)
(183.0,0.3071135905324866)
(184.0,0.30673614036103225)
(185.0,0.30636329295795184)
(186.0,0.3059950270445103)
(187.0,0.30563132026599543)
(188.0,0.3052721492328741)
(189.0,0.3049174895615123)
(190.0,0.3045673159144321)
(191.0,0.3042216020400696)
(192.0,0.30388032081201233)
(193.0,0.30354344426768554)
(194.0,0.3032109436464644)
(195.0,0.30288278942719327)
(196.0,0.3025589513650878)
(197.0,0.3022393985280038)
(198.0,0.30192409933205744)
(199.0,0.30161302157657893)
(200.0,0.3013061324783902)


 };
\addplot[color=black!60!green,opacity = 0.25,line width=1mm] coordinates { 
(0.0,1.4925373134328359e-05)
(1.0,1.804841125735518e-05)
(2.0,2.182489175077052e-05)
(3.0,2.63915209071741e-05)
(4.0,3.191359816198464e-05)
(5.0,3.859099328096777e-05)
(6.0,4.666537151792117e-05)
(7.0,5.642892660323331e-05)
(8.0,6.823493520935744e-05)
(9.0,8.251051130643704e-05)
(10.0,9.977201674258135e-05)
(11.0,0.00012064367802745847)
(12.0,0.00014588007168688303)
(13.0,0.00017639327522106743)
(14.0,0.00021328564173078715)
(15.0,0.0002578893483591986)
(16.0,0.00031181409711803583)
(17.0,0.0003770046172646669)
(18.0,0.0004558099374304345)
(19.0,0.0005510667695784868)
(20.0,0.0006661997816595564)
(21.0,0.0008053420364521285)
(22.0,0.0009734794429774349)
(23.0,0.001176623702047641)
(24.0,0.0014220189193665533)
(25.0,0.0017183877864745906)
(26.0,0.0020762239512571883)
(27.0,0.002508137846919364)
(28.0,0.0030292637106401894)
(29.0,0.003657735629475884)
(30.0,0.004415239944857443)
(31.0,0.005327649853355174)
(32.0,0.00642574502633137)
(33.0,0.007746013794110007)
(34.0,0.00933152690477447)
(35.0,0.011232858781659737)
(36.0,0.013509012973652259)
(37.0,0.016228281293172213)
(38.0,0.019468929124241516)
(39.0,0.02331955115516111)
(40.0,0.027878882231216005)
(41.0,0.03325477968389297)
(42.0,0.03956202361442529)
(43.0,0.046918524702852446)
(44.0,0.05543950960713969)
(45.0,0.06522930771178088)
(46.0,0.07637053503533946)
(47.0,0.08891080725249678)
(48.0,0.10284764163765556)
(49.0,0.11811290756203223)
(50.0,0.1345589565203705)
(51.0,0.15194920374804796)
(52.0,0.16995615956865226)
(53.0,0.18816943235846784)
(54.0,0.20611489525433138)
(55.0,0.2232841556488694)
(56.0,0.23917116021459137)
(57.0,0.25331090924481636)
(58.0,0.26531450213109914)
(59.0,0.27489540180753075)
(60.0,0.281883689190879)
(61.0,0.28622755486113455)
(62.0,0.2861888127019078)
(63.0,0.2589543463559745)
(64.0,0.23431158214593278)
(65.0,0.21201388700484933)
(66.0,0.1918380981052381)
(67.0,0.1735822893704751)
(68.0,0.1570637505307535)
(69.0,0.14211715849729298)
(70.0,0.12859292275329953)
(71.0,0.11635568820179473)
(72.0,0.10528298048631052)
(73.0,0.09526398022636476)
(74.0,0.08619841389985378)
(75.0,0.07799555027193973)
(76.0,0.07057329232635677)
(77.0,0.06385735561087848)
(78.0,0.05778052477355211)
(79.0,0.05228198084886438)
(80.0,0.04730669256109257)
(81.0,0.04280486555280051)
(82.0,0.038731444026172915)
(83.0,0.035045659809447065)
(84.0,0.03171062433534709)
(85.0,0.028692959447904103)
(86.0,0.025962463342652387)
(87.0,0.02349180829681915)
(88.0,0.02125626716428986)
(89.0,0.019233465898018838)
(90.0,0.017403159623046262)
(91.0,0.01574703001898506)
(92.0,0.014248501984113376)
(93.0,0.012892577746185562)
(94.0,0.011665686759686577)
(95.0,0.010555549887251221)
(96.0,0.009551056505930288)
(97.0,0.008642153308341633)
(98.0,0.007819743685790873)
(99.0,0.007075596686354101)
(100.0,0.006402264636744521)
(101.0,0.006416234799128071)
(102.0,0.006429014158663095)
(103.0,0.006440595328839173)
(104.0,0.006450971828803103)
(105.0,0.006460138091040863)
(106.0,0.006468089467572361)
(107.0,0.006474822234647835)
(108.0,0.006480333595939023)
(109.0,0.00648462168422247)
(110.0,0.00648768556155644)
(111.0,0.00648952521795726)
(112.0,0.0064901415685848785)
(113.0,0.006489536449451629)
(114.0,0.006487712611672132)
(115.0,0.00648467371427612)
(116.0,0.006480424315609894)
(117.0,0.00647496986335562)
(118.0,0.006468316683201301)
(119.0,0.006460471966197587)
(120.0,0.006451443754840796)
(121.0,0.00644124092792457)
(122.0,0.006429873184205322)
(123.0,0.0064173510249294794)
(124.0,0.006403685735272694)
(125.0,0.006388889364743727)
(126.0,0.0063729747066074306)
(127.0,0.006355955276383295)
(128.0,0.006337845289477461)
(129.0,0.006318659638007471)
(130.0,0.006298413866880224)
(131.0,0.006277124149184398)
(132.0,0.006254807260959389)
(133.0,0.006231480555403193)
(134.0,0.006207161936581938)
(135.0,0.006181869832703812)
(136.0,0.006155623169019922)
(137.0,0.006128441340414277)
(138.0,0.006100344183744496)
(139.0,0.006071351949994094)
(140.0,0.006041485276296274)
(141.0,0.006010765157888018)
(142.0,0.005979212920052076)
(143.0,0.00594685019010292)
(144.0,0.005913698869471364)
(145.0,0.005879781105940694)
(146.0,0.005845119266085426)
(147.0,0.005809735907961964)
(148.0,0.005773653754098351)
(149.0,0.005736895664828238)
(150.0,0.005699484612012084)
(151.0,0.005661443653186323)
(152.0,0.005622795906178995)
(153.0,0.00558356452422803)
(154.0,0.005543772671636008)
(155.0,0.005503443499992819)
(156.0,0.005462600124995381)
(157.0,0.005421265603891038)
(158.0,0.005379462913569012)
(159.0,0.005337214929321859)
(160.0,0.005294544404296552)
(161.0,0.005251473949652514)
(162.0,0.00520802601544161)
(163.0,0.005164222872222974)
(164.0,0.005120086593423303)
(165.0,0.005075639038451075)
(166.0,0.005030901836571237)
(167.0,0.00498589637154475)
(168.0,0.00494064376703562)
(169.0,0.004895164872785967)
(170.0,0.004849480251558211)
(171.0,0.00480361016684141)
(172.0,0.004757574571317454)
(173.0,0.004711393096081122)
(174.0,0.004665085040606621)
(175.0,0.00461866936345183)
(176.0,0.00457216467369019)
(177.0,0.004525589223059014)
(178.0,0.004478960898811843)
(179.0,0.004432297217261465)
(180.0,0.004385615317999236)
(181.0,0.004338931958775577)
(182.0,0.0042922635110255476)
(183.0,0.004245625956022957)
(184.0,0.004199034881645594)
(185.0,0.00415250547973376)
(186.0,0.004106052544023775)
(187.0,0.004059690468637724)
(188.0,0.004013433247110333)
(189.0,0.003967294471933666)
(190.0,0.003921287334600029)
(191.0,0.0038754246261234514)
(192.0,0.0038297187380198737)
(193.0,0.0037841816637262395)
(194.0,0.003738825000438673)
(195.0,0.003693659951349965)
(196.0,0.003648697328266735)
(197.0,0.0036039475545867564)
(198.0,0.003559420668617157)
(199.0,0.0035151263272144057)
(200.0,0.003471073809727267)


 };
\addplot[color=black!60!green] coordinates { 
(0.0,1.4925373134328359e-05)
(1.0,1.804841125735518e-05)
(2.0,2.182489175077052e-05)
(3.0,2.63915209071741e-05)
(4.0,3.191359816198464e-05)
(5.0,3.859099328096777e-05)
(6.0,4.666537151792117e-05)
(7.0,5.642892660323331e-05)
(8.0,6.823493520935744e-05)
(9.0,8.251051130643704e-05)
(10.0,9.977201674258135e-05)
(11.0,0.00012064367802745847)
(12.0,0.00014588007168688303)
(13.0,0.00017639327522106743)
(14.0,0.00021328564173078715)
(15.0,0.0002578893483591986)
(16.0,0.00031181409711803583)
(17.0,0.0003770046172646669)
(18.0,0.0004558099374304345)
(19.0,0.0005510667695784868)
(20.0,0.0006661997816595564)
(21.0,0.0008053420364521285)
(22.0,0.0009734794429774349)
(23.0,0.001176623702047641)
(24.0,0.0014220189193665533)
(25.0,0.0017183877864745906)
(26.0,0.0020762239512571883)
(27.0,0.002508137846919364)
(28.0,0.0030292637106401894)
(29.0,0.003657735629475884)
(30.0,0.004415239944857443)
(31.0,0.005327649853355174)
(32.0,0.00642574502633137)
(33.0,0.007746013794110007)
(34.0,0.00933152690477447)
(35.0,0.011232858781659737)
(36.0,0.013509012973652259)
(37.0,0.016228281293172213)
(38.0,0.019468929124241516)
(39.0,0.02331955115516111)
(40.0,0.027878882231216005)
(41.0,0.03325477968389297)
(42.0,0.03956202361442529)
(43.0,0.046918524702852446)
(44.0,0.05543950960713969)
(45.0,0.06522930771178088)
(46.0,0.07637053503533946)
(47.0,0.08891080725249678)
(48.0,0.10284764163765556)
(49.0,0.11811290756203223)
(50.0,0.1345589565203705)
(51.0,0.15194920374804796)
(52.0,0.16995615956865226)
(53.0,0.18816943235846784)
(54.0,0.20611489525433138)
(55.0,0.2232841556488694)
(56.0,0.23917116021459137)
(57.0,0.25331090924481636)
(58.0,0.26531450213109914)
(59.0,0.27489540180753075)
(60.0,0.281883689190879)
(61.0,0.28622755486113455)
(62.0,0.2859336942288219)
(63.0,0.2587235056154942)
(64.0,0.234102708806339)
(65.0,0.2118248905915547)
(66.0,0.19166708707861463)
(67.0,0.17342755219468936)
(68.0,0.15692373854414132)
(69.0,0.1419904704128327)
(70.0,0.1284782906340605)
(71.0,0.11625196477099846)
(72.0,0.105189127644999)
(73.0,0.0951790586637572)
(74.0,0.08612157369240833)
(75.0,0.07792602237703342)
(76.0,0.07051038088544818)
(77.0,0.06380043098512189)
(78.0,0.05772901724215988)
(79.0,0.052235374907150044)
(80.0,0.04726452176112664)
(81.0,0.04276670783504282)
(82.0,0.03869691749535892)
(83.0,0.03501441891245158)
(84.0,0.031682356402772574)
(85.0,0.028667381564780166)
(86.0,0.02593931951692769)
(87.0,0.023470866897306934)
(88.0,0.021237318602425153)
(89.0,0.01921632053022569)
(90.0,0.017387645852721064)
(91.0,0.0157329925791)
(92.0,0.014235800383251946)
(93.0,0.012881084862457192)
(94.0,0.011655287568448006)
(95.0,0.01054614030990125)
(96.0,0.009542542368256126)
(97.0,0.008634449397991741)
(98.0,0.007812772899441094)
(99.0,0.00706928925803169)
(100.0,0.006396557439586827)
(101.0,0.0064109923830627455)
(102.0,0.006424239629629684)
(103.0,0.006436291440006806)
(104.0,0.0064471409771964)
(105.0,0.006456782314745083)
(106.0,0.006465210443523234)
(107.0,0.006472421277009815)
(108.0,0.006478411655074109)
(109.0,0.006483179346250012)
(110.0,0.006486723048502757)
(111.0,0.006489042388492259)
(112.0,0.006490137919341196)
(113.0,0.006490011116920307)
(114.0,0.006488664374667204)
(115.0,0.0064861009969590655)
(116.0,0.0064823251910633446)
(117.0,0.006477342057694383)
(118.0,0.006471157580207316)
(119.0,0.006463778612464233)
(120.0,0.0064552128654106365)
(121.0,0.006445468892403518)
(122.0,0.006434556073335137)
(123.0,0.0064224845975994135)
(124.0,0.006409265445950322)
(125.0,0.00639491037130396)
(126.0,0.006379431878538155)
(127.0,0.006362843203345221)
(128.0,0.006345158290195317)
(129.0,0.006326391769469117)
(130.0,0.006306558933819814)
(131.0,0.006285675713825522)
(132.0,0.006263758652993716)
(133.0,0.006240824882180147)
(134.0,0.006216892093484781)
(135.0,0.0061919785136875325)
(136.0,0.006166102877286477)
(137.0,0.006139284399200841)
(138.0,0.006111542747200673)
(139.0,0.006082898014124356)
(140.0,0.006053370689944258)
(141.0,0.006022981633739793)
(142.0,0.0059917520456359875)
(143.0,0.0059597034387642535)
(144.0,0.0059268576113005785)
(145.0,0.005893236618634745)
(146.0,0.005858862745722418)
(147.0,0.0058237584796700815)
(148.0,0.005787946482600824)
(149.0,0.005751449564846974)
(150.0,0.0057142906585133865)
(151.0,0.005676492791453059)
(152.0,0.005638079061694413)
(153.0,0.0055990726123573906)
(154.0,0.005559496607093072)
(155.0,0.005519374206079235)
(156.0,0.005478728542601831)
(157.0,0.0054375827002500834)
(158.0,0.005395959690750385)
(159.0,0.005353882432461931)
(160.0,0.005311373729554621)
(161.0,0.005268456251887435)
(162.0,0.005225152515603192)
(163.0,0.005181484864453436)
(164.0,0.005137475451864891)
(165.0,0.005093146223756843)
(166.0,0.005048518902116687)
(167.0,0.005003614969338943)
(168.0,0.0049584556533309385)
(169.0,0.004913061913386608)
(170.0,0.004867454426828021)
(171.0,0.004821653576412406)
(172.0,0.004775679438501037)
(173.0,0.0047295517719844775)
(174.0,0.004683290007957426)
(175.0,0.004636913240134917)
(176.0,0.0045904402160002475)
(177.0,0.0045438893286739645)
(178.0,0.004497278609491832)
(179.0,0.004450625721278906)
(180.0,0.0044039479523056745)
(181.0,0.0043572622109113906)
(182.0,0.004310585020778947)
(183.0,0.004263932516844859)
(184.0,0.004217320441827275)
(185.0,0.00417076414335438)
(186.0,0.004124278571675011)
(187.0,0.00407787827793292)
(188.0,0.0040315774129857235)
(189.0,0.0039853897267492664)
(190.0,0.003939328568047932)
(191.0,0.003893406884951249)
(192.0,0.003847637225577003)
(193.0,0.0038020317393410354)
(194.0,0.0037566021786338975)
(195.0,0.0037113599009045606)
(196.0,0.003666315871131495)
(197.0,0.0036214806646615322)
(198.0,0.0035768644703971656)
(199.0,0.003532477094313069)
(200.0,0.003488327963282945)


 };
\addplot[color=blue,opacity = 0.25,line width=1mm] coordinates { 
(0.0,0.0)
(1.0,1.643747700865568e-06)
(2.0,3.6314374998950507e-06)
(3.0,6.035032705479488e-06)
(4.0,8.941551703964949e-06)
(5.0,1.2456216692270612e-05)
(6.0,1.6706260560955718e-05)
(7.0,2.184552931026759e-05)
(8.0,2.806004597363166e-05)
(9.0,3.557473652600552e-05)
(10.0,4.466155987223402e-05)
(11.0,5.564933418332063e-05)
(12.0,6.893561229574682e-05)
(13.0,8.500103165719967e-05)
(14.0,0.0001044266518185947)
(15.0,0.00012791489760299464)
(16.0,0.0001563148521914815)
(17.0,0.0001906527953757372)
(18.0,0.00023216906266503132)
(19.0,0.0002823625159659197)
(20.0,0.0003430441719696282)
(21.0,0.00041640183653600935)
(22.0,0.0005050779489873798)
(23.0,0.0006122632560962014)
(24.0,0.0007418094178945396)
(25.0,0.0008983642009606585)
(26.0,0.0010875335412185096)
(27.0,0.0013160754538203124)
(28.0,0.0015921315198324322)
(29.0,0.0019255024617663133)
(30.0,0.002327975084899451)
(31.0,0.0028137085299580816)
(32.0,0.0033996882311576695)
(33.0,0.004106256014584649)
(34.0,0.004957724131756078)
(35.0,0.0059830793140228725)
(36.0,0.007216779622945768)
(37.0,0.008699641255542014)
(38.0,0.010479803650958614)
(39.0,0.012613748178746241)
(40.0,0.015167327225611265)
(41.0,0.01821673560211573)
(42.0,0.021849324298118533)
(43.0,0.02616411822523938)
(44.0,0.03127185712296793)
(45.0,0.03729433770838102)
(46.0,0.044362804941130346)
(47.0,0.05261513513404387)
(48.0,0.06219159161411316)
(49.0,0.07322903344921965)
(50.0,0.08585363237348545)
(51.0,0.1001724003807713)
(52.0,0.11626412370951922)
(53.0,0.13417058175597996)
(54.0,0.1538891222419005)
(55.0,0.17536768508641173)
(56.0,0.19850316539599674)
(57.0,0.22314358952147165)
(58.0,0.24909402666113672)
(59.0,0.2761256021946197)
(60.0,0.3039865538651695)
(61.0,0.33241407112197807)
(62.0,0.3611399988489164)
(63.0,0.38837446519484975)
(64.0,0.41301722940489166)
(65.0,0.4353149245459752)
(66.0,0.45549071344558656)
(67.0,0.4737465221803498)
(68.0,0.49026506102007095)
(69.0,0.5052116530535314)
(70.0,0.5187358887975249)
(71.0,0.5309731233490294)
(72.0,0.5420458310645138)
(73.0,0.5520648313244595)
(74.0,0.5611303976509708)
(75.0,0.5693332612788847)
(76.0,0.5767555192244679)
(77.0,0.5834714559399462)
(78.0,0.5895482867772726)
(79.0,0.5950468307019599)
(80.0,0.6000221189897313)
(81.0,0.6045239459980233)
(82.0,0.6085973675246505)
(83.0,0.6122831517413767)
(84.0,0.6156181872154767)
(85.0,0.6186358521029198)
(86.0,0.6213663482081713)
(87.0,0.6238370032540046)
(88.0,0.6260725443865339)
(89.0,0.6280953456528052)
(90.0,0.6299256519277777)
(91.0,0.6315817815318386)
(92.0,0.6330803095667105)
(93.0,0.6344362338046385)
(94.0,0.6356631247911375)
(95.0,0.636773261663573)
(96.0,0.6377777550448939)
(97.0,0.6386866582424829)
(98.0,0.6395090678650335)
(99.0,0.6402532148644701)
(100.0,0.6409265469140799)
(101.0,0.6415674817760796)
(102.0,0.6422097541794805)
(103.0,0.6428532446671607)
(104.0,0.6434978330885595)
(105.0,0.6441433986906414)
(106.0,0.64478982020955)
(107.0,0.6454369759628097)
(108.0,0.6460847439419206)
(109.0,0.6467330019051978)
(110.0,0.6473816274707019)
(111.0,0.6480304982091165)
(112.0,0.6486794917364115)
(113.0,0.6493284858061583)
(114.0,0.6499773584013382)
(115.0,0.6506259878255062)
(116.0,0.6512742527931628)
(117.0,0.6519220325191993)
(118.0,0.6525692068072753)
(119.0,0.6532156561369982)
(120.0,0.6538612617497739)
(121.0,0.6545059057332033)
(122.0,0.6551494711039066)
(123.0,0.6557918418886545)
(124.0,0.6564329032036972)
(125.0,0.6570725413321873)
(126.0,0.6577106437995901)
(127.0,0.6583470994469951)
(128.0,0.658981798502226)
(129.0,0.6596146326486801)
(130.0,0.6602454950918076)
(131.0,0.6608742806231672)
(132.0,0.6615008856819854)
(133.0,0.6621252084141689)
(134.0,0.6627471487287083)
(135.0,0.663366608351431)
(136.0,0.6639834908760668)
(137.0,0.6645977018125799)
(138.0,0.6652091486327543)
(139.0,0.6658177408129974)
(140.0,0.666423389874357)
(141.0,0.6670260094197326)
(142.0,0.6676255151682844)
(143.0,0.6682218249870345)
(144.0,0.6688148589196751)
(145.0,0.6694045392125892)
(146.0,0.6699907903381062)
(147.0,0.6705735390150146)
(148.0,0.6711527142263545)
(149.0,0.6717282472345305)
(150.0,0.6723000715937737)
(151.0,0.672868123159999)
(152.0,0.6734323400980989)
(153.0,0.6739926628867244)
(154.0,0.674549034320604)
(155.0,0.6751013995104564)
(156.0,0.6756497058805558)
(157.0,0.6761939031640082)
(158.0,0.676733943395806)
(159.0,0.6772697809037265)
(160.0,0.6778013722971356)
(161.0,0.6783286764537775)
(162.0,0.6788516545046134)
(163.0,0.6793702698167845)
(164.0,0.6798844879747763)
(165.0,0.6803942767598524)
(166.0,0.6808996061278421)
(167.0,0.6814004481853505)
(168.0,0.681896777164473)
(169.0,0.6823885693960854)
(170.0,0.6828758032817966)
(171.0,0.6833584592646261)
(172.0,0.6838365197984952)
(173.0,0.6843099693166009)
(174.0,0.6847787941987489)
(175.0,0.685242982737721)
(176.0,0.6857025251047493)
(177.0,0.6861574133141688)
(178.0,0.6866076411873194)
(179.0,0.6870532043157728)
(180.0,0.6874941000239388)
(181.0,0.6879303273311359)
(182.0,0.6883618869131762)
(183.0,0.6887887810635366)
(184.0,0.6892110136541751)
(185.0,0.6896285900960566)
(186.0,0.6900415172994392)
(187.0,0.6904498036339847)
(188.0,0.6908534588887413)
(189.0,0.6912524942320634)
(190.0,0.691646922171501)
(191.0,0.6920367565137223)
(192.0,0.6924220123245138)
(193.0,0.692802705888894)
(194.0,0.6931788546713973)
(195.0,0.6935504772765564)
(196.0,0.6939175934096321)
(197.0,0.6942802238376181)
(198.0,0.6946383903505642)
(199.0,0.6949921157232472)
(200.0,0.6953414236772194)


 };
\addplot[color=blue] coordinates { 
(0.0,0.0)
(1.0,1.643747700865568e-06)
(2.0,3.6314374998950507e-06)
(3.0,6.035032705479488e-06)
(4.0,8.941551703964949e-06)
(5.0,1.2456216692270612e-05)
(6.0,1.6706260560955718e-05)
(7.0,2.184552931026759e-05)
(8.0,2.806004597363166e-05)
(9.0,3.557473652600552e-05)
(10.0,4.466155987223402e-05)
(11.0,5.564933418332063e-05)
(12.0,6.893561229574682e-05)
(13.0,8.500103165719967e-05)
(14.0,0.0001044266518185947)
(15.0,0.00012791489760299464)
(16.0,0.0001563148521914815)
(17.0,0.0001906527953757372)
(18.0,0.00023216906266503132)
(19.0,0.0002823625159659197)
(20.0,0.0003430441719696282)
(21.0,0.00041640183653600935)
(22.0,0.0005050779489873798)
(23.0,0.0006122632560962014)
(24.0,0.0007418094178945396)
(25.0,0.0008983642009606585)
(26.0,0.0010875335412185096)
(27.0,0.0013160754538203124)
(28.0,0.0015921315198324322)
(29.0,0.0019255024617663133)
(30.0,0.002327975084899451)
(31.0,0.0028137085299580816)
(32.0,0.0033996882311576695)
(33.0,0.004106256014584649)
(34.0,0.004957724131756078)
(35.0,0.0059830793140228725)
(36.0,0.007216779622945768)
(37.0,0.008699641255542014)
(38.0,0.010479803650958614)
(39.0,0.012613748178746241)
(40.0,0.015167327225611265)
(41.0,0.01821673560211573)
(42.0,0.021849324298118533)
(43.0,0.02616411822523938)
(44.0,0.03127185712296793)
(45.0,0.03729433770838102)
(46.0,0.044362804941130346)
(47.0,0.05261513513404387)
(48.0,0.06219159161411316)
(49.0,0.07322903344921965)
(50.0,0.08585363237348545)
(51.0,0.1001724003807713)
(52.0,0.11626412370951922)
(53.0,0.13417058175597996)
(54.0,0.1538891222419005)
(55.0,0.17536768508641173)
(56.0,0.19850316539599674)
(57.0,0.22314358952147165)
(58.0,0.24909402666113672)
(59.0,0.2761256021946197)
(60.0,0.3039865538651695)
(61.0,0.33241407112197807)
(62.0,0.3611384634617351)
(63.0,0.38834865207506286)
(64.0,0.4129694488842182)
(65.0,0.4352472670990024)
(66.0,0.45540507061194263)
(67.0,0.47364460549586784)
(68.0,0.4901484191464156)
(69.0,0.5050816872777241)
(70.0,0.5185938670564961)
(71.0,0.5308201929195583)
(72.0,0.5418830300455575)
(73.0,0.5518930990267997)
(74.0,0.560950583998149)
(75.0,0.5691461353135238)
(76.0,0.576561776805109)
(77.0,0.5832717267054353)
(78.0,0.5893431404483973)
(79.0,0.5948367827834067)
(80.0,0.5998076359294301)
(81.0,0.6043054498555142)
(82.0,0.6083752401951981)
(83.0,0.6120577387781055)
(84.0,0.6153898012877849)
(85.0,0.6184047761257772)
(86.0,0.6211328381736295)
(87.0,0.6236012907932501)
(88.0,0.625834839088132)
(89.0,0.6278558371603317)
(90.0,0.6296845118378364)
(91.0,0.6313391651114572)
(92.0,0.6328363573073053)
(93.0,0.6341910728280999)
(94.0,0.635416870122109)
(95.0,0.636526017380656)
(96.0,0.637529615322301)
(97.0,0.6384377082925656)
(98.0,0.6392593847911163)
(99.0,0.6400028684325257)
(100.0,0.6406756002509707)
(101.0,0.6413159876049669)
(102.0,0.6419577591366938)
(103.0,0.6426007956820166)
(104.0,0.6432449773479106)
(105.0,0.6438901836031153)
(106.0,0.6445362933695419)
(107.0,0.6451831851142806)
(108.0,0.6458307369420644)
(109.0,0.646478826688033)
(110.0,0.6471273320106516)
(111.0,0.6477761304846287)
(112.0,0.6484250996936864)
(113.0,0.6490741173230349)
(114.0,0.649723061251397)
(115.0,0.6503718096424492)
(116.0,0.6510202410355225)
(117.0,0.6516682344354314)
(118.0,0.6523156694012898)
(119.0,0.6529624261341785)
(120.0,0.6536083855635361)
(121.0,0.6542534294321432)
(122.0,0.6548974403795811)
(123.0,0.6555403020240416)
(124.0,0.6561818990423791)
(125.0,0.6568221172482961)
(126.0,0.6574608436685571)
(127.0,0.6580979666171353)
(128.0,0.6587333757671991)
(129.0,0.659366962220853)
(130.0,0.6599986185765536)
(131.0,0.6606282389941244)
(132.0,0.6612557192573043)
(133.0,0.6618809568337664)
(134.0,0.6625038509325504)
(135.0,0.6631243025588631)
(136.0,0.6637422145662009)
(137.0,0.6643574917057612)
(138.0,0.6649700406731055)
(139.0,0.6655797701520582)
(140.0,0.6661865908558177)
(141.0,0.6667904155652677)
(142.0,0.6673911591644881)
(143.0,0.667988738673453)
(144.0,0.6685830732779354)
(145.0,0.6691740843566178)
(146.0,0.6697616955054292)
(147.0,0.6703458325591299)
(148.0,0.670926423610165)
(149.0,0.6715033990248253)
(150.0,0.672076691456742)
(151.0,0.6726462358577592)
(152.0,0.673211969486226)
(153.0,0.6737738319127562)
(154.0,0.6743317650235042)
(155.0,0.6748857130210133)
(156.0,0.6754356224226933)
(157.0,0.6759814420569845)
(158.0,0.6765231230572752)
(159.0,0.6770606188536349)
(160.0,0.6775938851624296)
(161.0,0.6781228799738915)
(162.0,0.6786475635377114)
(163.0,0.6791678983467282)
(164.0,0.6796838491187848)
(165.0,0.6801953827768328)
(166.0,0.6807024684273516)
(167.0,0.6812050773371677)
(168.0,0.6817031829087437)
(169.0,0.6821967606540165)
(170.0,0.6826857881668615)
(171.0,0.6831702450942604)
(172.0,0.6836501131062469)
(173.0,0.6841253758647049)
(174.0,0.6845960189911019)
(175.0,0.6850620300332216)
(176.0,0.6855233984309791)
(177.0,0.685980115481384)
(178.0,0.6864321743027283)
(179.0,0.6868795697980641)
(180.0,0.6873222986180474)
(181.0,0.6877603591232053)
(182.0,0.6881937513457037)
(183.0,0.6886224769506706)
(184.0,0.6890465391971421)
(185.0,0.6894659428986954)
(186.0,0.6898806943838162)
(187.0,0.6902908014560729)
(188.0,0.6906962733541415)
(189.0,0.6910971207117395)
(190.0,0.691493355517521)
(191.0,0.6918849910749802)
(192.0,0.692272041962412)
(193.0,0.692654523992975)
(194.0,0.6930324541749033)
(195.0,0.6934058506719034)
(196.0,0.6937747327637819)
(197.0,0.6941391208073358)
(198.0,0.6944990361975465)
(199.0,0.6948545013291089)
(200.0,0.6952055395583275)


 };
