\addplot[color=red,opacity = 0.25,line width=1mm] coordinates { 
(0.0,0.9999850746268657)
(1.0,0.9999803078410416)
(2.0,0.9999745436707488)
(3.0,0.9999675734463866)
(4.0,0.9999591448501336)
(5.0,0.9999489527900263)
(6.0,0.9999366283679209)
(7.0,0.9999217255440862)
(8.0,0.9999037050188164)
(9.0,0.999881914752167)
(10.0,0.9998555664233847)
(11.0,0.9998237069877883)
(12.0,0.9997851843160165)
(13.0,0.9997386056931209)
(14.0,0.9996822877064497)
(15.0,0.999614195754037)
(16.0,0.9995318710506894)
(17.0,0.999432342587359)
(18.0,0.999312020999904)
(19.0,0.9991665707144549)
(20.0,0.9989907560463698)
(21.0,0.998778256127011)
(22.0,0.998521442608034)
(23.0,0.9982111130418546)
(24.0,0.9978361716627374)
(25.0,0.9973832480125634)
(26.0,0.9968362425075228)
(27.0,0.9961757866992589)
(28.0,0.9953786047695257)
(29.0,0.9944167619087558)
(30.0,0.9932567849702414)
(31.0,0.9918586416166849)
(32.0,0.9901745667425094)
(33.0,0.9881477301913033)
(34.0,0.9857107489634677)
(35.0,0.982784061904316)
(36.0,0.9792742074034005)
(37.0,0.9750720774512845)
(38.0,0.9700512672247988)
(39.0,0.9640667006660917)
(40.0,0.9569537905431716)
(41.0,0.94852848471399)
(42.0,0.938588652087455)
(43.0,0.9269173570719071)
(44.0,0.9132886332698913)
(45.0,0.8974763545798369)
(46.0,0.8792666600235295)
(47.0,0.8584740576134586)
(48.0,0.8349607667482306)
(49.0,0.8086580589887477)
(50.0,0.7795874111061434)
(51.0,0.7478783958711802)
(52.0,0.7137797167218277)
(53.0,0.6776599858855513)
(54.0,0.6399959825037674)
(55.0,0.6013481592647179)
(56.0,0.5623256743894107)
(57.0,0.5235455012337112)
(58.0,0.4855914712077633)
(59.0,0.44897899599784874)
(60.0,0.43609814912431283)
(61.0,0.42880480704705937)
(62.0,0.42212287818735916)
(63.0,0.41599696965263044)
(64.0,0.41037721020417606)
(65.0,0.40521864670514574)
(66.0,0.4004807105987295)
(67.0,0.3961267463362211)
(68.0,0.39212359447912776)
(69.0,0.38844122297315686)
(70.0,0.38505240081684156)
(71.0,0.38193240901447345)
(72.0,0.3790587843083059)
(73.0,0.376411091728822)
(74.0,0.3739707224866996)
(75.0,0.3717207141597796)
(76.0,0.36964559050736656)
(77.0,0.36773121857733954)
(78.0,0.3659646810635798)
(79.0,0.3643341621266654)
(80.0,0.3628288451138694)
(81.0,0.36143882080913203)
(82.0,0.3601550050133403)
(83.0,0.3589690644030912)
(84.0,0.3578733497449196)
(85.0,0.35686083565419785)
(86.0,0.3559250661857145)
(87.0,0.35506010562821344)
(88.0,0.35426049394955567)
(89.0,0.3535212064041047)
(90.0,0.3528376168706644)
(91.0,0.3522054645389063)
(92.0,0.35162082360564734)
(93.0,0.35108007568038807)
(94.0,0.350579884632897)
(95.0,0.35011717364495665)
(96.0,0.3496891042541578)
(97.0,0.34929305720034487)
(98.0,0.34892661490533267)
(99.0,0.3485875454341988)
(100.0,0.3482737878020905)
(101.0,0.3469693946705257)
(102.0,0.3456690809004293)
(103.0,0.34437332451977665)
(104.0,0.3430825949069265)
(105.0,0.34179735216494117)
(106.0,0.340518046528902)
(107.0,0.33924511780753724)
(108.0,0.3379789948602915)
(109.0,0.3367200951107728)
(110.0,0.3354688240973219)
(111.0,0.33422557506126127)
(112.0,0.3329907285731963)
(113.0,0.3317646521975534)
(114.0,0.33054770019537477)
(115.0,0.329340213265208)
(116.0,0.328142518321778)
(117.0,0.32695492831196543)
(118.0,0.32577774206747906)
(119.0,0.32461124419347)
(120.0,0.3234557049922134)
(121.0,0.32231138042086616)
(122.0,0.3211785120822112)
(123.0,0.3200573272471965)
(124.0,0.3189480389080082)
(125.0,0.31785084586033563)
(126.0,0.3167659328134284)
(127.0,0.31569347052650265)
(128.0,0.31463361597000533)
(129.0,0.3135865125102215)
(130.0,0.31255229011568897)
(131.0,0.31153106558387095)
(132.0,0.31052294278654174)
(133.0,0.3095280129323385)
(134.0,0.30854635484494936)
(135.0,0.3075780352554298)
(136.0,0.3066231091071623)
(137.0,0.3056816198720077)
(138.0,0.30475359987623474)
(139.0,0.30383907063485627)
(140.0,0.30293804319304324)
(141.0,0.30205051847334163)
(142.0,0.3011764876274662)
(143.0,0.3003159323914993)
(144.0,0.29946882544338)
(145.0,0.29863513076162984)
(146.0,0.2978148039843114)
(147.0,0.29700779276728606)
(148.0,0.2962140371408851)
(149.0,0.29543346986417934)
(150.0,0.29466601677608045)
(151.0,0.29391159714257337)
(152.0,0.293170123999428)
(153.0,0.2924415044898027)
(154.0,0.29172564019620056)
(155.0,0.2910224274662898)
(156.0,0.2903317577321593)
(157.0,0.28965351782261983)
(158.0,0.2889875902682118)
(159.0,0.2883338535986286)
(160.0,0.28769218263230023)
(161.0,0.28706244875792786)
(162.0,0.28644452020779826)
(163.0,0.28583826232273746)
(164.0,0.2852435378086038)
(165.0,0.2846602069842486)
(166.0,0.2840881280209026)
(167.0,0.283527157172974)
(168.0,0.2829771490002708)
(169.0,0.2824379565816813)
(170.0,0.28190943172036836)
(171.0,0.28139142514055676)
(172.0,0.28088378667600467)
(173.0,0.2803863654502711)
(174.0,0.2798990100489036)
(175.0,0.27942156868368395)
(176.0,0.2789538893490836)
(177.0,0.27849581997108347)
(178.0,0.2780472085485308)
(179.0,0.27760790328720836)
(180.0,0.2771777527267946)
(181.0,0.27675660586090767)
(182.0,0.2763443122504204)
(183.0,0.2759407221302452)
(184.0,0.27554568650978173)
(185.0,0.2751590572672327)
(186.0,0.27478068723798216)
(187.0,0.2744104302972394)
(188.0,0.2740481414371496)
(189.0,0.27369367683856644)
(190.0,0.2733468939376871)
(191.0,0.2730076514877443)
(192.0,0.2726758096159487)
(193.0,0.27235122987587007)
(194.0,0.27203377529544825)
(195.0,0.27172331042081443)
(196.0,0.2714197013561043)
(197.0,0.27112281579943964)
(198.0,0.2708325230752512)
(199.0,0.2705486941631093)
(200.0,0.27027120172322816)


 };
\addplot[color=red] coordinates { 
(0.0,0.9999850746268657)
(1.0,0.9999803078410416)
(2.0,0.9999745436707488)
(3.0,0.9999675734463866)
(4.0,0.9999591448501336)
(5.0,0.9999489527900263)
(6.0,0.9999366283679209)
(7.0,0.9999217255440862)
(8.0,0.9999037050188164)
(9.0,0.999881914752167)
(10.0,0.9998555664233847)
(11.0,0.9998237069877883)
(12.0,0.9997851843160165)
(13.0,0.9997386056931209)
(14.0,0.9996822877064497)
(15.0,0.999614195754037)
(16.0,0.9995318710506894)
(17.0,0.999432342587359)
(18.0,0.999312020999904)
(19.0,0.9991665707144549)
(20.0,0.9989907560463698)
(21.0,0.998778256127011)
(22.0,0.998521442608034)
(23.0,0.9982111130418546)
(24.0,0.9978361716627374)
(25.0,0.9973832480125634)
(26.0,0.9968362425075228)
(27.0,0.9961757866992589)
(28.0,0.9953786047695257)
(29.0,0.9944167619087558)
(30.0,0.9932567849702414)
(31.0,0.9918586416166849)
(32.0,0.9901745667425094)
(33.0,0.9881477301913033)
(34.0,0.9857107489634677)
(35.0,0.982784061904316)
(36.0,0.9792742074034005)
(37.0,0.9750720774512845)
(38.0,0.9700512672247988)
(39.0,0.9640667006660917)
(40.0,0.9569537905431716)
(41.0,0.94852848471399)
(42.0,0.938588652087455)
(43.0,0.9269173570719071)
(44.0,0.9132886332698913)
(45.0,0.8974763545798369)
(46.0,0.8792666600235295)
(47.0,0.8584740576134586)
(48.0,0.8349607667482306)
(49.0,0.8086580589887477)
(50.0,0.7795874111061434)
(51.0,0.7478783958711802)
(52.0,0.7137797167218277)
(53.0,0.6776599858855513)
(54.0,0.6399959825037674)
(55.0,0.6013481592647179)
(56.0,0.5623256743894107)
(57.0,0.5235455012337112)
(58.0,0.4855914712077633)
(59.0,0.44897899599784874)
(60.0,0.4363607464841848)
(61.0,0.42906967826146947)
(62.0,0.42238961483712734)
(63.0,0.4162652239937362)
(64.0,0.4106466863594065)
(65.0,0.4054890931578509)
(66.0,0.4007519137931306)
(67.0,0.39639852521776336)
(68.0,0.3923957958333841)
(69.0,0.3887137174432275)
(70.0,0.38532507949748857)
(71.0,0.3822051805367779)
(72.0,0.3793315723418326)
(73.0,0.376683832839451)
(74.0,0.37424336429773236)
(75.0,0.37199321377191646)
(76.0,0.3699179131398915)
(77.0,0.3680033363985509)
(78.0,0.366236572183314)
(79.0,0.3646058097278208)
(80.0,0.3631002367032781)
(81.0,0.36170994757102637)
(82.0,0.36042586125112386)
(83.0,0.3592396470572015)
(84.0,0.35814365797633696)
(85.0,0.35713087048465425)
(86.0,0.3561948301869259)
(87.0,0.3553296026535435)
(88.0,0.35452972890244205)
(89.0,0.35379018503836274)
(90.0,0.35310634561845583)
(91.0,0.3524739503627364)
(92.0,0.3518890738712415)
(93.0,0.3513480980477244)
(94.0,0.3508476869630338)
(95.0,0.35038476392059975)
(96.0,0.34995649051218747)
(97.0,0.3495602474747496)
(98.0,0.34919361717919767)
(99.0,0.3488543675995717)
(100.0,0.34854043762669207)
(101.0,0.34723526524899306)
(102.0,0.34593407372051915)
(103.0,0.34463734275909325)
(104.0,0.34334554356439706)
(105.0,0.342059138185729)
(106.0,0.3407785789224641)
(107.0,0.3395043077585769)
(108.0,0.33823675583238805)
(109.0,0.3369763429425164)
(110.0,0.33572347709081596)
(111.0,0.33447855406289534)
(112.0,0.33324195704662923)
(113.0,0.33201405628888336)
(114.0,0.3307952087905076)
(115.0,0.3295857580394705)
(116.0,0.3283860337818531)
(117.0,0.3271963518302599)
(118.0,0.32601701390905946)
(119.0,0.3248483075357325)
(120.0,0.32369050593747584)
(121.0,0.32254386800209306)
(122.0,0.32140863826210314)
(123.0,0.3202850469108947)
(124.0,0.3191733098496782)
(125.0,0.31807362876390777)
(126.0,0.3169861912277891)
(127.0,0.3159111708354313)
(128.0,0.3148487273571652)
(129.0,0.3137990069195172)
(130.0,0.3127621422073029)
(131.0,0.3117382526862989)
(132.0,0.31072744484493914)
(133.0,0.3097298124534951)
(134.0,0.30874543683920147)
(135.0,0.30777438717581723)
(136.0,0.30681672078612965)
(137.0,0.305872483455944)
(138.0,0.3049417097581368)
(139.0,0.30402442338539093)
(140.0,0.30312063749027746)
(141.0,0.30223035503139434)
(142.0,0.3013535691243307)
(143.0,0.3004902633962657)
(144.0,0.299640412343087)
(145.0,0.2988039816879505)
(146.0,0.2979809287402756)
(147.0,0.2971712027542238)
(148.0,0.29637474528576824)
(149.0,0.2955914905475214)
(150.0,0.29482136576054707)
(151.0,0.2940642915024407)
(152.0,0.2933201820510177)
(153.0,0.29258894572301064)
(154.0,0.29187048520722025)
(155.0,0.2911646978916315)
(156.0,0.2904714761840437)
(157.0,0.28979070782582267)
(158.0,0.2891222761984274)
(159.0,0.28846606062240454)
(160.0,0.28782193664859335)
(161.0,0.28718977634132203)
(162.0,0.28656944855341265)
(163.0,0.28596081919285365)
(164.0,0.2853637514810285)
(165.0,0.28477810620242405)
(166.0,0.2842037419457699)
(167.0,0.28364051533659174)
(168.0,0.28308828126118246)
(169.0,0.2825468930820227)
(170.0,0.2820162028447048)
(171.0,0.28149606147642736)
(172.0,0.28098631897615833)
(173.0,0.2804868245965667)
(174.0,0.27999742701785024)
(175.0,0.279517974513589)
(176.0,0.27904831510878075)
(177.0,0.2785882967302041)
(178.0,0.2781377673492864)
(179.0,0.2776965751176445)
(180.0,0.27726456849548237)
(181.0,0.27684159637302963)
(182.0,0.2764275081852157)
(183.0,0.2760221540197696)
(184.0,0.27562538471894643)
(185.0,0.2752370519750772)
(186.0,0.27485700842014277)
(187.0,0.27448510770957174)
(188.0,0.2741212046004636)
(189.0,0.273765155024434)
(190.0,0.2734168161552829)
(191.0,0.27307604647167827)
(192.0,0.27274270581505283)
(193.0,0.27241665544289917)
(194.0,0.2720977580776582)
(195.0,0.2717858779513797)
(196.0,0.27148088084633865)
(197.0,0.2711826341317834)
(198.0,0.2708910067969923)
(199.0,0.2706058694808014)
(200.0,0.2703270944977761)


 };
\addplot[color=black!60!green,opacity = 0.25,line width=1mm] coordinates { 
(0.0,1.4925373134328359e-05)
(1.0,1.804841125735518e-05)
(2.0,2.182489175077052e-05)
(3.0,2.63915209071741e-05)
(4.0,3.191359816198464e-05)
(5.0,3.859099328096777e-05)
(6.0,4.666537151792117e-05)
(7.0,5.642892660323331e-05)
(8.0,6.823493520935744e-05)
(9.0,8.251051130643704e-05)
(10.0,9.977201674258135e-05)
(11.0,0.00012064367802745847)
(12.0,0.00014588007168688303)
(13.0,0.00017639327522106743)
(14.0,0.00021328564173078715)
(15.0,0.0002578893483591986)
(16.0,0.00031181409711803583)
(17.0,0.0003770046172646669)
(18.0,0.0004558099374304345)
(19.0,0.0005510667695784868)
(20.0,0.0006661997816595564)
(21.0,0.0008053420364521285)
(22.0,0.0009734794429774349)
(23.0,0.001176623702047641)
(24.0,0.0014220189193665533)
(25.0,0.0017183877864745906)
(26.0,0.0020762239512571883)
(27.0,0.002508137846919364)
(28.0,0.0030292637106401894)
(29.0,0.003657735629475884)
(30.0,0.004415239944857443)
(31.0,0.005327649853355174)
(32.0,0.00642574502633137)
(33.0,0.007746013794110007)
(34.0,0.00933152690477447)
(35.0,0.011232858781659737)
(36.0,0.013509012973652259)
(37.0,0.016228281293172213)
(38.0,0.019468929124241516)
(39.0,0.02331955115516111)
(40.0,0.027878882231216005)
(41.0,0.03325477968389297)
(42.0,0.03956202361442529)
(43.0,0.046918524702852446)
(44.0,0.05543950960713969)
(45.0,0.06522930771178088)
(46.0,0.07637053503533946)
(47.0,0.08891080725249678)
(48.0,0.10284764163765556)
(49.0,0.11811290756203223)
(50.0,0.1345589565203705)
(51.0,0.15194920374804796)
(52.0,0.16995615956865226)
(53.0,0.18816943235846784)
(54.0,0.20611489525433138)
(55.0,0.2232841556488694)
(56.0,0.23917116021459137)
(57.0,0.25331090924481636)
(58.0,0.26531450213109914)
(59.0,0.27489540180753075)
(60.0,0.2607986225894359)
(61.0,0.24291580325835838)
(62.0,0.22615338524833523)
(63.0,0.21045741522792155)
(64.0,0.1957738247394196)
(65.0,0.18204901492107609)
(66.0,0.16923031901030597)
(67.0,0.15726636194166022)
(68.0,0.1461073337498392)
(69.0,0.13570519116195995)
(70.0,0.12601379970501553)
(71.0,0.11698902684733312)
(72.0,0.10858879511631964)
(73.0,0.1007731027667672)
(74.0,0.09350401839227308)
(75.0,0.08674565485552956)
(76.0,0.08046412704136283)
(77.0,0.07462749719110767)
(78.0,0.06920571094163769)
(79.0,0.06417052665233375)
(80.0,0.059495440145381946)
(81.0,0.055155606597533186)
(82.0,0.051127760994777276)
(83.0,0.04739013828653885)
(84.0,0.0439223941454054)
(85.0,0.040705527045506215)
(86.0,0.037721802211834035)
(87.0,0.03495467785918982)
(88.0,0.03238873402888275)
(89.0,0.030009604240270618)
(90.0,0.027803910099641557)
(91.0,0.025759198948222303)
(92.0,0.02386388458203856)
(93.0,0.022107191037069332)
(94.0,0.02047909940203038)
(95.0,0.01897029759683607)
(96.0,0.01757213303617281)
(97.0,0.016276568083699133)
(98.0,0.01507613819234496)
(99.0,0.013963912619320508)
(100.0,0.012933457600181442)
(101.0,0.012943940128612236)
(102.0,0.012949539264080562)
(103.0,0.012950264885135569)
(104.0,0.012946134166544143)
(105.0,0.012937171480121383)
(106.0,0.01292340827358792)
(107.0,0.012904882928292468)
(108.0,0.012881640596739186)
(109.0,0.012853733020952116)
(110.0,0.0128212183327921)
(111.0,0.012784160837415494)
(112.0,0.012742630781127369)
(113.0,0.012696704104935497)
(114.0,0.0126464621851544)
(115.0,0.012591991562441443)
(116.0,0.012533383660669443)
(117.0,0.012470734497052573)
(118.0,0.012404144384944993)
(119.0,0.012333717630724859)
(120.0,0.012259562226160455)
(121.0,0.012181789537631015)
(122.0,0.012100513993542575)
(123.0,0.01201585277123979)
(124.0,0.011927925484668356)
(125.0,0.011836853873990793)
(126.0,0.011742761498300733)
(127.0,0.011645773432519112)
(128.0,0.011546015969489589)
(129.0,0.01144361632822169)
(130.0,0.011338702369158689)
(131.0,0.011231402317273884)
(132.0,0.01112184449372445)
(133.0,0.011010157056717393)
(134.0,0.0108964677521666)
(135.0,0.010780903674646325)
(136.0,0.010663591039072572)
(137.0,0.010544654963472516)
(138.0,0.010424219263132122)
(139.0,0.010302406256344768)
(140.0,0.010179336581918814)
(141.0,0.010055129028540357)
(142.0,0.009929900376028509)
(143.0,0.009803765248465272)
(144.0,0.009676835979130383)
(145.0,0.009549222487123046)
(146.0,0.009421032165508034)
(147.0,0.009292369780782883)
(148.0,0.009163337383425686)
(149.0,0.009034034229249647)
(150.0,0.008904556711260841)
(151.0,0.008774998301689447)
(152.0,0.0086454495038419)
(153.0,0.008515997813402352)
(154.0,0.008386727688795389)
(155.0,0.008257720530209182)
(156.0,0.008129054666868068)
(157.0,0.00800080535213615)
(158.0,0.007873044766029024)
(159.0,0.007745842024708013)
(160.0,0.007619263196531759)
(161.0,0.007493371324241468)
(162.0,0.007368226452860408)
(163.0,0.007243885662893684)
(164.0,0.007120403108421467)
(165.0,0.006997830059687413)
(166.0,0.006876214949793777)
(167.0,0.006755603425125468)
(168.0,0.006636038399137108)
(169.0,0.006517560109149558)
(170.0,0.0064002061758155915)
(171.0,0.006284011664928062)
(172.0,0.006169009151257892)
(173.0,0.006055228784123657)
(174.0,0.005942698354409017)
(175.0,0.0058314433627589465)
(176.0,0.005721487088700307)
(177.0,0.005612850660446957)
(178.0,0.0055055531251640534)
(179.0,0.0053996115194804096)
(180.0,0.005295040940051901)
(181.0,0.005191854613992531)
(182.0,0.005090063969003252)
(183.0,0.004989678703041542)
(184.0,0.004890706853387491)
(185.0,0.004793154864974184)
(186.0,0.004697027657861996)
(187.0,0.0046023286937476315)
(188.0,0.004509060041409523)
(189.0,0.004417222441001566)
(190.0,0.004326815367116867)
(191.0,0.004237837090552599)
(192.0,0.0041502847387158235)
(193.0,0.004064154354618467)
(194.0,0.00397944095441761)
(195.0,0.0038961385834644325)
(196.0,0.003814240370832297)
(197.0,0.0037337385823007496)
(198.0,0.0036546246717783417)
(199.0,0.0035768893311527634)
(200.0,0.0035005225385619323)


 };
\addplot[color=black!60!green] coordinates { 
(0.0,1.4925373134328359e-05)
(1.0,1.804841125735518e-05)
(2.0,2.182489175077052e-05)
(3.0,2.63915209071741e-05)
(4.0,3.191359816198464e-05)
(5.0,3.859099328096777e-05)
(6.0,4.666537151792117e-05)
(7.0,5.642892660323331e-05)
(8.0,6.823493520935744e-05)
(9.0,8.251051130643704e-05)
(10.0,9.977201674258135e-05)
(11.0,0.00012064367802745847)
(12.0,0.00014588007168688303)
(13.0,0.00017639327522106743)
(14.0,0.00021328564173078715)
(15.0,0.0002578893483591986)
(16.0,0.00031181409711803583)
(17.0,0.0003770046172646669)
(18.0,0.0004558099374304345)
(19.0,0.0005510667695784868)
(20.0,0.0006661997816595564)
(21.0,0.0008053420364521285)
(22.0,0.0009734794429774349)
(23.0,0.001176623702047641)
(24.0,0.0014220189193665533)
(25.0,0.0017183877864745906)
(26.0,0.0020762239512571883)
(27.0,0.002508137846919364)
(28.0,0.0030292637106401894)
(29.0,0.003657735629475884)
(30.0,0.004415239944857443)
(31.0,0.005327649853355174)
(32.0,0.00642574502633137)
(33.0,0.007746013794110007)
(34.0,0.00933152690477447)
(35.0,0.011232858781659737)
(36.0,0.013509012973652259)
(37.0,0.016228281293172213)
(38.0,0.019468929124241516)
(39.0,0.02331955115516111)
(40.0,0.027878882231216005)
(41.0,0.03325477968389297)
(42.0,0.03956202361442529)
(43.0,0.046918524702852446)
(44.0,0.05543950960713969)
(45.0,0.06522930771178088)
(46.0,0.07637053503533946)
(47.0,0.08891080725249678)
(48.0,0.10284764163765556)
(49.0,0.11811290756203223)
(50.0,0.1345589565203705)
(51.0,0.15194920374804796)
(52.0,0.16995615956865226)
(53.0,0.18816943235846784)
(54.0,0.20611489525433138)
(55.0,0.2232841556488694)
(56.0,0.23917116021459137)
(57.0,0.25331090924481636)
(58.0,0.26531450213109914)
(59.0,0.27489540180753075)
(60.0,0.26055612641853276)
(61.0,0.24269422329316584)
(62.0,0.22595111919141672)
(63.0,0.21027295559608422)
(64.0,0.1956057582120245)
(65.0,0.18189602051292145)
(66.0,0.1690911653667875)
(67.0,0.15713990399797667)
(68.0,0.14599250894922644)
(69.0,0.13560101538900746)
(70.0,0.12591936305788548)
(71.0,0.11690348934613927)
(72.0,0.1085113824231289)
(73.0,0.10070310197488568)
(74.0,0.09344077392801194)
(75.0,0.08668856452394579)
(76.0,0.08041263823806341)
(77.0,0.07458110329469077)
(78.0,0.06916394789538598)
(79.0,0.06413296973909334)
(80.0,0.059461700955922514)
(81.0,0.055125330189895995)
(82.0,0.05110062324002029)
(83.0,0.04736584339474533)
(84.0,0.0439006723647294)
(85.0,0.04068613252629225)
(86.0,0.037704511027396324)
(87.0,0.034939286174608467)
(88.0,0.03237505640912056)
(89.0,0.029997472088993688)
(90.0,0.027793170220309773)
(91.0,0.025749712219271956)
(92.0,0.02385552473829044)
(93.0,0.02209984354984356)
(94.0,0.02047266045082072)
(95.0,0.018964673125780446)
(96.0,0.01756723788894548)
(97.0,0.016272325210836797)
(98.0,0.015072477925398632)
(99.0,0.013960772006594607)
(100.0,0.012930779799177328)
(101.0,0.012942259492237337)
(102.0,0.012948854633505135)
(103.0,0.012950573602636892)
(104.0,0.012947432093080425)
(105.0,0.012939453017481006)
(106.0,0.012926666390955638)
(107.0,0.012909109193052635)
(108.0,0.0128868252093161)
(109.0,0.012859864853469379)
(110.0,0.012828284971316797)
(111.0,0.012792148627538621)
(112.0,0.012751524876620051)
(113.0,0.012706488519210262)
(114.0,0.012657119845253044)
(115.0,0.012603504365265106)
(116.0,0.012545732531162831)
(117.0,0.012483899448052534)
(118.0,0.012418104578404044)
(119.0,0.012348451440022305)
(120.0,0.012275047299217695)
(121.0,0.012198002860553414)
(122.0,0.012117431954517333)
(123.0,0.01203345122442791)
(124.0,0.011946179813838912)
(125.0,0.011855739055656567)
(126.0,0.011762252164126616)
(127.0,0.01166584393078753)
(128.0,0.01156664042542105)
(129.0,0.011464768702962794)
(130.0,0.011360356517264766)
(131.0,0.011253532042528418)
(132.0,0.011144423603152862)
(133.0,0.01103315941266787)
(134.0,0.010919867322346167)
(135.0,0.010804674580015241)
(136.0,0.010687707599515104)
(137.0,0.010569091741176609)
(138.0,0.010448951103624522)
(139.0,0.01032740832714177)
(140.0,0.010204584408765711)
(141.0,0.010080598529225064)
(142.0,0.009955567891766576)
(143.0,0.009829607572864552)
(144.0,0.009702830384753718)
(145.0,0.009575346749677085)
(146.0,0.009447264585694939)
(147.0,0.009318689203859767)
(148.0,0.009189723216523822)
(149.0,0.009060466456512081)
(150.0,0.008931015906862733)
(151.0,0.008801465640810531)
(152.0,0.008671906771664852)
(153.0,0.008542427412214402)
(154.0,0.008413112643273678)
(155.0,0.008284044490972642)
(156.0,0.008155301912380524)
(157.0,0.008026960789046552)
(158.0,0.007899093928035462)
(159.0,0.007771771070032549)
(160.0,0.0076450589040927205)
(161.0,0.0075190210886095475)
(162.0,0.007393718278083761)
(163.0,0.007269208155276006)
(164.0,0.007145545468335468)
(165.0,0.00702278207250421)
(166.0,0.006900966976006674)
(167.0,0.006780146389744293)
(168.0,0.006660363780426768)
(169.0,0.006541659926783952)
(170.0,0.006424072978515215)
(171.0,0.006307638517646796)
(172.0,0.00619238962198165)
(173.0,0.006078356930340518)
(174.0,0.005965568709307581)
(175.0,0.0058540509212085465)
(176.0,0.005743827293063847)
(177.0,0.005634919386274054)
(178.0,0.005527346666809295)
(179.0,0.005421126575688639)
(180.0,0.005316274599549546)
(181.0,0.005212804341121291)
(182.0,0.005110727589429698)
(183.0,0.005010054389573584)
(184.0,0.004910793111926124)
(185.0,0.004812950520626479)
(186.0,0.004716531841238915)
(187.0,0.004621540827468041)
(188.0,0.004527979826829588)
(189.0,0.004435849845186613)
(190.0,0.004345150610070919)
(191.0,0.004255880632718839)
(192.0,0.004168037268759557)
(193.0,0.004081616777502467)
(194.0,0.0039966143797781125)
(195.0,0.003913024314294678)
(196.0,0.0038308398924790563)
(197.0,0.0037500535517780375)
(198.0,0.0036706569074013043)
(199.0,0.003592640802493618)
(200.0,0.0035159953567288427)


 };
\addplot[color=blue,opacity = 0.25,line width=1mm] coordinates { 
(0.0,0.0)
(1.0,1.643747700865568e-06)
(2.0,3.6314374998950507e-06)
(3.0,6.035032705479488e-06)
(4.0,8.941551703964949e-06)
(5.0,1.2456216692270612e-05)
(6.0,1.6706260560955718e-05)
(7.0,2.184552931026759e-05)
(8.0,2.806004597363166e-05)
(9.0,3.557473652600552e-05)
(10.0,4.466155987223402e-05)
(11.0,5.564933418332063e-05)
(12.0,6.893561229574682e-05)
(13.0,8.500103165719967e-05)
(14.0,0.0001044266518185947)
(15.0,0.00012791489760299464)
(16.0,0.0001563148521914815)
(17.0,0.0001906527953757372)
(18.0,0.00023216906266503132)
(19.0,0.0002823625159659197)
(20.0,0.0003430441719696282)
(21.0,0.00041640183653600935)
(22.0,0.0005050779489873798)
(23.0,0.0006122632560962014)
(24.0,0.0007418094178945396)
(25.0,0.0008983642009606585)
(26.0,0.0010875335412185096)
(27.0,0.0013160754538203124)
(28.0,0.0015921315198324322)
(29.0,0.0019255024617663133)
(30.0,0.002327975084899451)
(31.0,0.0028137085299580816)
(32.0,0.0033996882311576695)
(33.0,0.004106256014584649)
(34.0,0.004957724131756078)
(35.0,0.0059830793140228725)
(36.0,0.007216779622945768)
(37.0,0.008699641255542014)
(38.0,0.010479803650958614)
(39.0,0.012613748178746241)
(40.0,0.015167327225611265)
(41.0,0.01821673560211573)
(42.0,0.021849324298118533)
(43.0,0.02616411822523938)
(44.0,0.03127185712296793)
(45.0,0.03729433770838102)
(46.0,0.044362804941130346)
(47.0,0.05261513513404387)
(48.0,0.06219159161411316)
(49.0,0.07322903344921965)
(50.0,0.08585363237348545)
(51.0,0.1001724003807713)
(52.0,0.11626412370951922)
(53.0,0.13417058175597996)
(54.0,0.1538891222419005)
(55.0,0.17536768508641173)
(56.0,0.19850316539599674)
(57.0,0.22314358952147165)
(58.0,0.24909402666113672)
(59.0,0.2761256021946197)
(60.0,0.3031032282862507)
(61.0,0.32827938969458204)
(62.0,0.35172373656430556)
(63.0,0.37354561511944817)
(64.0,0.3938489650564043)
(65.0,0.412732338373778)
(66.0,0.4302889703909641)
(67.0,0.44660689172211854)
(68.0,0.461769071771033)
(69.0,0.4758535858648831)
(70.0,0.48893379947814286)
(71.0,0.5010785641381936)
(72.0,0.5123524205753744)
(73.0,0.5228158055044111)
(74.0,0.532525259121028)
(75.0,0.5415336309846912)
(76.0,0.5498902824512709)
(77.0,0.5576412842315531)
(78.0,0.5648296079947829)
(79.0,0.5714953112210013)
(80.0,0.5776757147407492)
(81.0,0.583405572593335)
(82.0,0.5887172339918825)
(83.0,0.59364079731037)
(84.0,0.5982042561096752)
(85.0,0.6024336373002961)
(86.0,0.6063531316024516)
(87.0,0.609985216512597)
(88.0,0.6133507720215619)
(89.0,0.616469189355625)
(90.0,0.6193584730296947)
(91.0,0.6220353365128722)
(92.0,0.624515291812315)
(93.0,0.6268127332825435)
(94.0,0.6289410159650738)
(95.0,0.6309125287582084)
(96.0,0.6327387627096708)
(97.0,0.6344303747159575)
(98.0,0.6359972469023241)
(99.0,0.6374485419464823)
(100.0,0.6387927545977292)
(101.0,0.640086665200863)
(102.0,0.6413813798354909)
(103.0,0.6426764105950892)
(104.0,0.6439712709265306)
(105.0,0.645265476354939)
(106.0,0.6465585451975118)
(107.0,0.647849999264172)
(108.0,0.6491393645429712)
(109.0,0.6504261718682771)
(110.0,0.6517099575698885)
(111.0,0.6529902641013255)
(112.0,0.6542666406456786)
(113.0,0.6555386436975136)
(114.0,0.6568058376194735)
(115.0,0.6580677951723533)
(116.0,0.6593240980175551)
(117.0,0.6605743371909845)
(118.0,0.6618181135475784)
(119.0,0.6630550381758075)
(120.0,0.664284732781628)
(121.0,0.6655068300415045)
(122.0,0.666720973924248)
(123.0,0.6679268199815654)
(124.0,0.6691240356073251)
(125.0,0.6703123002656753)
(126.0,0.6714913056882724)
(127.0,0.6726607560409799)
(128.0,0.6738203680605066)
(129.0,0.6749698711615583)
(130.0,0.6761090075151542)
(131.0,0.6772375320988571)
(132.0,0.678355212719736)
(133.0,0.6794618300109465)
(134.0,0.6805571774028868)
(135.0,0.681641061069927)
(136.0,0.6827132998537679)
(137.0,0.6837737251645225)
(138.0,0.684822180860636)
(139.0,0.6858585231088024)
(140.0,0.6868826202250418)
(141.0,0.6878943524981214)
(142.0,0.6888936119965083)
(143.0,0.6898803023600388)
(144.0,0.690854338577493)
(145.0,0.6918156467512506)
(146.0,0.6927641638501837)
(147.0,0.6936998374519346)
(148.0,0.6946226254756929)
(149.0,0.6955324959065752)
(150.0,0.6964294265126625)
(151.0,0.6973134045557408)
(152.0,0.6981844264967343)
(153.0,0.699042497696799)
(154.0,0.6998876321150086)
(155.0,0.7007198520035056)
(156.0,0.7015391876009768)
(157.0,0.702345676825248)
(158.0,0.703139364965763)
(159.0,0.7039203043766672)
(160.0,0.7046885541711724)
(161.0,0.7054441799178346)
(162.0,0.7061872533393452)
(163.0,0.7069178520143727)
(164.0,0.7076360590829784)
(165.0,0.7083419629560676)
(166.0,0.7090356570293072)
(167.0,0.7097172394019037)
(168.0,0.7103868126005952)
(169.0,0.7110444833091721)
(170.0,0.7116903621038191)
(171.0,0.7123245631945178)
(172.0,0.7129472041727399)
(173.0,0.713558405765608)
(174.0,0.7141582915966899)
(175.0,0.7147469879535598)
(176.0,0.7153246235622189)
(177.0,0.7158913293684728)
(178.0,0.7164472383263083)
(179.0,0.7169924851933145)
(180.0,0.7175272063331569)
(181.0,0.7180515395251031)
(182.0,0.7185656237805796)
(183.0,0.7190695991667163)
(184.0,0.7195636066368336)
(185.0,0.720047787867796)
(186.0,0.7205222851041585)
(187.0,0.7209872410090153)
(188.0,0.7214427985214432)
(189.0,0.721889100720434)
(190.0,0.722326290695198)
(191.0,0.7227545114217053)
(192.0,0.7231739056453375)
(193.0,0.7235846157695135)
(194.0,0.7239867837501355)
(195.0,0.7243805509957221)
(196.0,0.7247660582730647)
(197.0,0.7251434456182603)
(198.0,0.7255128522529711)
(199.0,0.7258744165057387)
(200.0,0.7262282757382107)


 };
\addplot[color=blue] coordinates { 
(0.0,0.0)
(1.0,1.643747700865568e-06)
(2.0,3.6314374998950507e-06)
(3.0,6.035032705479488e-06)
(4.0,8.941551703964949e-06)
(5.0,1.2456216692270612e-05)
(6.0,1.6706260560955718e-05)
(7.0,2.184552931026759e-05)
(8.0,2.806004597363166e-05)
(9.0,3.557473652600552e-05)
(10.0,4.466155987223402e-05)
(11.0,5.564933418332063e-05)
(12.0,6.893561229574682e-05)
(13.0,8.500103165719967e-05)
(14.0,0.0001044266518185947)
(15.0,0.00012791489760299464)
(16.0,0.0001563148521914815)
(17.0,0.0001906527953757372)
(18.0,0.00023216906266503132)
(19.0,0.0002823625159659197)
(20.0,0.0003430441719696282)
(21.0,0.00041640183653600935)
(22.0,0.0005050779489873798)
(23.0,0.0006122632560962014)
(24.0,0.0007418094178945396)
(25.0,0.0008983642009606585)
(26.0,0.0010875335412185096)
(27.0,0.0013160754538203124)
(28.0,0.0015921315198324322)
(29.0,0.0019255024617663133)
(30.0,0.002327975084899451)
(31.0,0.0028137085299580816)
(32.0,0.0033996882311576695)
(33.0,0.004106256014584649)
(34.0,0.004957724131756078)
(35.0,0.0059830793140228725)
(36.0,0.007216779622945768)
(37.0,0.008699641255542014)
(38.0,0.010479803650958614)
(39.0,0.012613748178746241)
(40.0,0.015167327225611265)
(41.0,0.01821673560211573)
(42.0,0.021849324298118533)
(43.0,0.02616411822523938)
(44.0,0.03127185712296793)
(45.0,0.03729433770838102)
(46.0,0.044362804941130346)
(47.0,0.05261513513404387)
(48.0,0.06219159161411316)
(49.0,0.07322903344921965)
(50.0,0.08585363237348545)
(51.0,0.1001724003807713)
(52.0,0.11626412370951922)
(53.0,0.13417058175597996)
(54.0,0.1538891222419005)
(55.0,0.17536768508641173)
(56.0,0.19850316539599674)
(57.0,0.22314358952147165)
(58.0,0.24909402666113672)
(59.0,0.2761256021946197)
(60.0,0.3030831270972816)
(61.0,0.3282360984453635)
(62.0,0.3516592659714545)
(63.0,0.3734618204101782)
(64.0,0.3937475554285675)
(65.0,0.4126148863292263)
(66.0,0.4301569208400807)
(67.0,0.44646157078425874)
(68.0,0.46161169521738854)
(69.0,0.47568526716776405)
(70.0,0.488755557444625)
(71.0,0.5008913301170819)
(72.0,0.512157045235037)
(73.0,0.5226130651856616)
(74.0,0.5323158617742538)
(75.0,0.5413182217041359)
(76.0,0.5496694486220434)
(77.0,0.5574155603067564)
(78.0,0.5645994799212982)
(79.0,0.5712612205330838)
(80.0,0.5774380623407971)
(81.0,0.5831647222390749)
(82.0,0.5884735155088527)
(83.0,0.59339450954805)
(84.0,0.5979556696589302)
(85.0,0.6021829969890499)
(86.0,0.6061006587856738)
(87.0,0.609731111171844)
(88.0,0.6130952146884331)
(89.0,0.6162123428726393)
(90.0,0.6191004841612301)
(91.0,0.6217763374179875)
(92.0,0.6242554013904636)
(93.0,0.6265520584024277)
(94.0,0.6286796525861412)
(95.0,0.6306505629536154)
(96.0,0.6324762715988622)
(97.0,0.6341674273144088)
(98.0,0.6357339048953988)
(99.0,0.637184860393829)
(100.0,0.638528782574126)
(101.0,0.6398224752587652)
(102.0,0.6411170716459711)
(103.0,0.6424120836382651)
(104.0,0.6437070243425177)
(105.0,0.6450014087967852)
(106.0,0.6462947546865756)
(107.0,0.6475865830483658)
(108.0,0.6488764189582911)
(109.0,0.6501637922040097)
(110.0,0.6514482379378633)
(111.0,0.6527292973095619)
(112.0,0.6540065180767465)
(113.0,0.655279455191902)
(114.0,0.6565476713642352)
(115.0,0.6578107375952602)
(116.0,0.6590682336869802)
(117.0,0.6603197487216839)
(118.0,0.6615648815125328)
(119.0,0.6628032410242414)
(120.0,0.6640344467633024)
(121.0,0.6652581291373492)
(122.0,0.6664739297833748)
(123.0,0.6676815018646727)
(124.0,0.6688805103364782)
(125.0,0.6700706321804313)
(126.0,0.6712515566080799)
(127.0,0.6724229852337771)
(128.0,0.6735846322174097)
(129.0,0.6747362243775161)
(130.0,0.6758775012754281)
(131.0,0.6770082152711684)
(132.0,0.6781281315519038)
(133.0,0.6792370281338326)
(134.0,0.6803346958384482)
(135.0,0.6814209382441634)
(136.0,0.6824955716143508)
(137.0,0.6835584248028753)
(138.0,0.6846093391382345)
(139.0,0.6856481682874632)
(140.0,0.6866747781009532)
(141.0,0.6876890464393766)
(142.0,0.6886908629838989)
(143.0,0.6896801290308656)
(144.0,0.6906567572721548)
(145.0,0.6916206715623681)
(146.0,0.6925718066740252)
(147.0,0.6935101080419118)
(148.0,0.6944355314977032)
(149.0,0.6953480429959621)
(150.0,0.6962476183325854)
(151.0,0.6971342428567442)
(152.0,0.698007911177313)
(153.0,0.6988686268647707)
(154.0,0.6997164021495018)
(155.0,0.7005512576173916)
(156.0,0.7013732219035718)
(157.0,0.7021823313851265)
(158.0,0.7029786298735328)
(159.0,0.7037621683075589)
(160.0,0.7045330044473098)
(161.0,0.7052912025700645)
(162.0,0.7060368331684997)
(163.0,0.7067699726518669)
(164.0,0.7074907030506323)
(165.0,0.7081991117250678)
(166.0,0.7088952910782194)
(167.0,0.7095793382736599)
(168.0,0.7102513549583866)
(169.0,0.7109114469911891)
(170.0,0.7115597241767757)
(171.0,0.7121963000059216)
(172.0,0.7128212914018557)
(173.0,0.7134348184730881)
(174.0,0.7140370042728377)
(175.0,0.7146279745651976)
(176.0,0.7152078575981506)
(177.0,0.715776783883517)
(178.0,0.7163348859838993)
(179.0,0.7168822983066617)
(180.0,0.717419156904963)
(181.0,0.7179455992858438)
(182.0,0.7184617642253492)
(183.0,0.7189677915906514)
(184.0,0.7194638221691225)
(185.0,0.7199499975042913)
(186.0,0.7204264597386129)
(187.0,0.720893351462955)
(188.0,0.721350815572702)
(189.0,0.7217989951303747)
(190.0,0.7222380332346418)
(191.0,0.7226680728955979)
(192.0,0.7230892569161826)
(193.0,0.723501727779593)
(194.0,0.7239056275425585)
(195.0,0.7243010977343204)
(196.0,0.7246882792611772)
(197.0,0.7250673123164336)
(198.0,0.7254383362956013)
(199.0,0.7258014897166996)
(200.0,0.7261569101454898)


 };
